,0,1,2,3,4,5,6,7,8,9,10,11,12,13,14,15,16,17,18,19,20,21,22,23,24,25,26,27,28,29,30,31,32,33,34,35,36,37,38,39,40,41,42,43,44,45,46,47,48,49,50,51,52,53,54,55,56,57,58,59,60,61,62,63,64,65,66,67,68,69,70,71,72,73,74,75,76,77,78,79,80,81,82,83,84,85,86,87,88,89,90,91,92,93,94,95,96,97,98,99,100,101,102,103,104,105,106,107,108,109,110,111,112,113,114,115,116,117,118,119,120,121,122,123,124,125,126,127,128,129,130,131,132,133,134,135,136,137,138,139,140,141,142,143,144,145,146,147,148,149,150,151,152,153,154,155,156,157,158,159,160,161,162,163,164,165,166,167,168,169,170,171,172,173,174,175,176,177,178,179,180,181,182,183,184,185,186,187,188,189,190,191,192,193,194,195,196,197,198,199
0,0.0000,0.0403,0.0743,0.1037,0.1296,0.1527,0.1736,0.1927,0.2102,0.2264,0.2415,0.2556,0.2688,0.2813,0.2931,0.3043,0.3150,0.3251,0.3348,0.3441,0.3530,0.3616,0.3698,0.3777,0.3854,0.3927,0.3999,0.4068,0.4135,0.4200,0.4263,0.4324,0.4384,0.4442,0.4499,0.4554,0.4608,0.4660,0.4711,0.4761,0.4810,0.4858,0.4905,0.4951,0.4996,0.5040,0.5083,0.5125,0.5166,0.5207,0.0000,0.0000,0.0000,0.0000,0.0000,0.0000,0.0000,0.0000,0.0000,0.0000,0.0000,0.0000,0.0000,0.0000,0.0000,0.0000,0.0000,0.0000,0.0000,0.0000,0.0000,0.0000,0.0000,0.0000,0.0000,0.5000,0.5000,0.5000,0.5000,0.5000,0.5000,0.5000,0.5000,0.5000,0.5000,0.5000,0.5000,0.5000,0.5000,0.5000,0.5000,0.5000,0.5000,0.5000,0.5000,0.5000,0.5000,0.5000,0.5000,0.5000,0.0000,0.0204,0.0408,0.0612,0.0816,0.1020,0.1224,0.1429,0.1633,0.1837,0.2041,0.2245,0.2449,0.2653,0.2857,0.3061,0.3265,0.3469,0.3673,0.3878,0.4082,0.4286,0.4490,0.4694,0.4898,0.5102,0.5306,0.5510,0.5714,0.5918,0.6122,0.6327,0.6531,0.6735,0.6939,0.7143,0.7347,0.7551,0.7755,0.7959,0.8163,0.8367,0.8571,0.8776,0.8980,0.9184,0.9388,0.9592,0.9796,1.0000,0.0000,0.0000,0.0000,0.0000,0.0000,0.0000,0.0000,0.0000,0.0000,0.0000,0.0000,0.0000,0.0000,0.0000,0.0000,0.0000,0.0000,0.0000,0.0000,0.0000,0.0000,0.0000,0.0000,0.0000,0.0000,0.0000,0.0000,0.0000,0.0000,0.0000,0.0000,0.0000,0.0000,0.0000,0.0000,0.0000,0.0000,0.0000,0.0000,0.0000,0.0000,0.0000,0.0000,0.0000,0.0000,0.0000,0.0000,0.0000,0.0000,0.0000
1,0.0403,0.0807,0.1147,0.1440,0.1699,0.1930,0.2139,0.2330,0.2505,0.2667,0.2818,0.2959,0.3092,0.3217,0.3335,0.3447,0.3553,0.3655,0.3751,0.3844,0.3933,0.4019,0.4101,0.4180,0.4257,0.4331,0.4402,0.4471,0.4538,0.4603,0.4666,0.4728,0.4787,0.4845,0.4902,0.4957,0.5011,0.5063,0.5115,0.5165,0.5214,0.5261,0.5308,0.5354,0.5399,0.5443,0.5486,0.5528,0.5570,0.5610,0.0000,0.0000,0.0000,0.0000,0.0000,0.0000,0.0000,0.0000,0.0000,0.0000,0.0000,0.0000,0.0000,0.0000,0.0000,0.0000,0.0000,0.0000,0.0000,0.0000,0.0000,0.0000,0.0000,0.0000,0.0000,0.5000,0.5000,0.5000,0.5000,0.5000,0.5000,0.5000,0.5000,0.5000,0.5000,0.5000,0.5000,0.5000,0.5000,0.5000,0.5000,0.5000,0.5000,0.5000,0.5000,0.5000,0.5000,0.5000,0.5000,0.5000,0.0000,0.0204,0.0408,0.0612,0.0816,0.1020,0.1224,0.1429,0.1633,0.1837,0.2041,0.2245,0.2449,0.2653,0.2857,0.3061,0.3265,0.3469,0.3673,0.3878,0.4082,0.4286,0.4490,0.4694,0.4898,0.5102,0.5306,0.5510,0.5714,0.5918,0.6122,0.6327,0.6531,0.6735,0.6939,0.7143,0.7347,0.7551,0.7755,0.7959,0.8163,0.8367,0.8571,0.8776,0.8980,0.9184,0.9388,0.9592,0.9796,1.0000,0.0204,0.0204,0.0204,0.0204,0.0204,0.0204,0.0204,0.0204,0.0204,0.0204,0.0204,0.0204,0.0204,0.0204,0.0204,0.0204,0.0204,0.0204,0.0204,0.0204,0.0204,0.0204,0.0204,0.0204,0.0204,0.0204,0.0204,0.0204,0.0204,0.0204,0.0204,0.0204,0.0204,0.0204,0.0204,0.0204,0.0204,0.0204,0.0204,0.0204,0.0204,0.0204,0.0204,0.0204,0.0204,0.0204,0.0204,0.0204,0.0204,0.0204
2,0.0743,0.1147,0.1487,0.1780,0.2039,0.2270,0.2479,0.2670,0.2845,0.3007,0.3158,0.3299,0.3432,0.3557,0.3675,0.3787,0.3893,0.3995,0.4091,0.4184,0.4273,0.4359,0.4441,0.4520,0.4597,0.4671,0.4742,0.4811,0.4878,0.4943,0.5006,0.5068,0.5127,0.5185,0.5242,0.5297,0.5351,0.5403,0.5455,0.5505,0.5554,0.5601,0.5648,0.5694,0.5739,0.5783,0.5826,0.5868,0.5910,0.5950,0.0000,0.0000,0.0000,0.0000,0.0000,0.0000,0.0000,0.0000,0.0000,0.0000,0.0000,0.0000,0.0000,0.0000,0.0000,0.0000,0.0000,0.0000,0.0000,0.0000,0.0000,0.0000,0.0000,0.0000,0.0000,0.5000,0.5000,0.5000,0.5000,0.5000,0.5000,0.5000,0.5000,0.5000,0.5000,0.5000,0.5000,0.5000,0.5000,0.5000,0.5000,0.5000,0.5000,0.5000,0.5000,0.5000,0.5000,0.5000,0.5000,0.5000,0.0000,0.0204,0.0408,0.0612,0.0816,0.1020,0.1224,0.1429,0.1633,0.1837,0.2041,0.2245,0.2449,0.2653,0.2857,0.3061,0.3265,0.3469,0.3673,0.3878,0.4082,0.4286,0.4490,0.4694,0.4898,0.5102,0.5306,0.5510,0.5714,0.5918,0.6122,0.6327,0.6531,0.6735,0.6939,0.7143,0.7347,0.7551,0.7755,0.7959,0.8163,0.8367,0.8571,0.8776,0.8980,0.9184,0.9388,0.9592,0.9796,1.0000,0.0408,0.0408,0.0408,0.0408,0.0408,0.0408,0.0408,0.0408,0.0408,0.0408,0.0408,0.0408,0.0408,0.0408,0.0408,0.0408,0.0408,0.0408,0.0408,0.0408,0.0408,0.0408,0.0408,0.0408,0.0408,0.0408,0.0408,0.0408,0.0408,0.0408,0.0408,0.0408,0.0408,0.0408,0.0408,0.0408,0.0408,0.0408,0.0408,0.0408,0.0408,0.0408,0.0408,0.0408,0.0408,0.0408,0.0408,0.0408,0.0408,0.0408
3,0.1037,0.1440,0.1780,0.2074,0.2333,0.2564,0.2773,0.2964,0.3139,0.3301,0.3452,0.3593,0.3726,0.3850,0.3968,0.4080,0.4187,0.4288,0.4385,0.4478,0.4567,0.4653,0.4735,0.4814,0.4891,0.4965,0.5036,0.5105,0.5172,0.5237,0.5300,0.5362,0.5421,0.5479,0.5536,0.5591,0.5645,0.5697,0.5748,0.5798,0.5847,0.5895,0.5942,0.5988,0.6033,0.6077,0.6120,0.6162,0.6203,0.6244,0.0000,0.0000,0.0000,0.0000,0.0000,0.0000,0.0000,0.0000,0.0000,0.0000,0.0000,0.0000,0.0000,0.0000,0.0000,0.0000,0.0000,0.0000,0.0000,0.0000,0.0000,0.0000,0.0000,0.0000,0.0000,0.5000,0.5000,0.5000,0.5000,0.5000,0.5000,0.5000,0.5000,0.5000,0.5000,0.5000,0.5000,0.5000,0.5000,0.5000,0.5000,0.5000,0.5000,0.5000,0.5000,0.5000,0.5000,0.5000,0.5000,0.5000,0.0000,0.0204,0.0408,0.0612,0.0816,0.1020,0.1224,0.1429,0.1633,0.1837,0.2041,0.2245,0.2449,0.2653,0.2857,0.3061,0.3265,0.3469,0.3673,0.3878,0.4082,0.4286,0.4490,0.4694,0.4898,0.5102,0.5306,0.5510,0.5714,0.5918,0.6122,0.6327,0.6531,0.6735,0.6939,0.7143,0.7347,0.7551,0.7755,0.7959,0.8163,0.8367,0.8571,0.8776,0.8980,0.9184,0.9388,0.9592,0.9796,1.0000,0.0612,0.0612,0.0612,0.0612,0.0612,0.0612,0.0612,0.0612,0.0612,0.0612,0.0612,0.0612,0.0612,0.0612,0.0612,0.0612,0.0612,0.0612,0.0612,0.0612,0.0612,0.0612,0.0612,0.0612,0.0612,0.0612,0.0612,0.0612,0.0612,0.0612,0.0612,0.0612,0.0612,0.0612,0.0612,0.0612,0.0612,0.0612,0.0612,0.0612,0.0612,0.0612,0.0612,0.0612,0.0612,0.0612,0.0612,0.0612,0.0612,0.0612
4,0.1296,0.1699,0.2039,0.2333,0.2592,0.2823,0.3032,0.3223,0.3398,0.3560,0.3711,0.3852,0.3984,0.4109,0.4227,0.4339,0.4446,0.4547,0.4644,0.4737,0.4826,0.4911,0.4994,0.5073,0.5149,0.5223,0.5295,0.5364,0.5431,0.5496,0.5559,0.5620,0.5680,0.5738,0.5795,0.5850,0.5904,0.5956,0.6007,0.6057,0.6106,0.6154,0.6201,0.6247,0.6292,0.6335,0.6379,0.6421,0.6462,0.6503,0.0000,0.0000,0.0000,0.0000,0.0000,0.0000,0.0000,0.0000,0.0000,0.0000,0.0000,0.0000,0.0000,0.0000,0.0000,0.0000,0.0000,0.0000,0.0000,0.0000,0.0000,0.0000,0.0000,0.0000,0.0000,0.5000,0.5000,0.5000,0.5000,0.5000,0.5000,0.5000,0.5000,0.5000,0.5000,0.5000,0.5000,0.5000,0.5000,0.5000,0.5000,0.5000,0.5000,0.5000,0.5000,0.5000,0.5000,0.5000,0.5000,0.5000,0.0000,0.0204,0.0408,0.0612,0.0816,0.1020,0.1224,0.1429,0.1633,0.1837,0.2041,0.2245,0.2449,0.2653,0.2857,0.3061,0.3265,0.3469,0.3673,0.3878,0.4082,0.4286,0.4490,0.4694,0.4898,0.5102,0.5306,0.5510,0.5714,0.5918,0.6122,0.6327,0.6531,0.6735,0.6939,0.7143,0.7347,0.7551,0.7755,0.7959,0.8163,0.8367,0.8571,0.8776,0.8980,0.9184,0.9388,0.9592,0.9796,1.0000,0.0816,0.0816,0.0816,0.0816,0.0816,0.0816,0.0816,0.0816,0.0816,0.0816,0.0816,0.0816,0.0816,0.0816,0.0816,0.0816,0.0816,0.0816,0.0816,0.0816,0.0816,0.0816,0.0816,0.0816,0.0816,0.0816,0.0816,0.0816,0.0816,0.0816,0.0816,0.0816,0.0816,0.0816,0.0816,0.0816,0.0816,0.0816,0.0816,0.0816,0.0816,0.0816,0.0816,0.0816,0.0816,0.0816,0.0816,0.0816,0.0816,0.0816
5,0.1527,0.1930,0.2270,0.2564,0.2823,0.3054,0.3263,0.3454,0.3629,0.3791,0.3942,0.4083,0.4216,0.4340,0.4459,0.4570,0.4677,0.4778,0.4875,0.4968,0.5057,0.5143,0.5225,0.5304,0.5381,0.5455,0.5526,0.5595,0.5662,0.5727,0.5790,0.5852,0.5911,0.5969,0.6026,0.6081,0.6135,0.6187,0.6239,0.6289,0.6337,0.6385,0.6432,0.6478,0.6523,0.6567,0.6610,0.6652,0.6693,0.6734,0.0000,0.0000,0.0000,0.0000,0.0000,0.0000,0.0000,0.0000,0.0000,0.0000,0.0000,0.0000,0.0000,0.0000,0.0000,0.0000,0.0000,0.0000,0.0000,0.0000,0.0000,0.0000,0.0000,0.0000,0.0000,0.5000,0.5000,0.5000,0.5000,0.5000,0.5000,0.5000,0.5000,0.5000,0.5000,0.5000,0.5000,0.5000,0.5000,0.5000,0.5000,0.5000,0.5000,0.5000,0.5000,0.5000,0.5000,0.5000,0.5000,0.5000,0.0000,0.0204,0.0408,0.0612,0.0816,0.1020,0.1224,0.1429,0.1633,0.1837,0.2041,0.2245,0.2449,0.2653,0.2857,0.3061,0.3265,0.3469,0.3673,0.3878,0.4082,0.4286,0.4490,0.4694,0.4898,0.5102,0.5306,0.5510,0.5714,0.5918,0.6122,0.6327,0.6531,0.6735,0.6939,0.7143,0.7347,0.7551,0.7755,0.7959,0.8163,0.8367,0.8571,0.8776,0.8980,0.9184,0.9388,0.9592,0.9796,1.0000,0.1020,0.1020,0.1020,0.1020,0.1020,0.1020,0.1020,0.1020,0.1020,0.1020,0.1020,0.1020,0.1020,0.1020,0.1020,0.1020,0.1020,0.1020,0.1020,0.1020,0.1020,0.1020,0.1020,0.1020,0.1020,0.1020,0.1020,0.1020,0.1020,0.1020,0.1020,0.1020,0.1020,0.1020,0.1020,0.1020,0.1020,0.1020,0.1020,0.1020,0.1020,0.1020,0.1020,0.1020,0.1020,0.1020,0.1020,0.1020,0.1020,0.1020
6,0.1736,0.2139,0.2479,0.2773,0.3032,0.3263,0.3472,0.3663,0.3838,0.4000,0.4151,0.4292,0.4425,0.4549,0.4667,0.4779,0.4886,0.4987,0.5084,0.5177,0.5266,0.5352,0.5434,0.5513,0.5590,0.5664,0.5735,0.5804,0.5871,0.5936,0.5999,0.6061,0.6120,0.6178,0.6235,0.6290,0.6344,0.6396,0.6447,0.6497,0.6546,0.6594,0.6641,0.6687,0.6732,0.6776,0.6819,0.6861,0.6902,0.6943,0.0000,0.0000,0.0000,0.0000,0.0000,0.0000,0.0000,0.0000,0.0000,0.0000,0.0000,0.0000,0.0000,0.0000,0.0000,0.0000,0.0000,0.0000,0.0000,0.0000,0.0000,0.0000,0.0000,0.0000,0.0000,0.5000,0.5000,0.5000,0.5000,0.5000,0.5000,0.5000,0.5000,0.5000,0.5000,0.5000,0.5000,0.5000,0.5000,0.5000,0.5000,0.5000,0.5000,0.5000,0.5000,0.5000,0.5000,0.5000,0.5000,0.5000,0.0000,0.0204,0.0408,0.0612,0.0816,0.1020,0.1224,0.1429,0.1633,0.1837,0.2041,0.2245,0.2449,0.2653,0.2857,0.3061,0.3265,0.3469,0.3673,0.3878,0.4082,0.4286,0.4490,0.4694,0.4898,0.5102,0.5306,0.5510,0.5714,0.5918,0.6122,0.6327,0.6531,0.6735,0.6939,0.7143,0.7347,0.7551,0.7755,0.7959,0.8163,0.8367,0.8571,0.8776,0.8980,0.9184,0.9388,0.9592,0.9796,1.0000,0.1224,0.1224,0.1224,0.1224,0.1224,0.1224,0.1224,0.1224,0.1224,0.1224,0.1224,0.1224,0.1224,0.1224,0.1224,0.1224,0.1224,0.1224,0.1224,0.1224,0.1224,0.1224,0.1224,0.1224,0.1224,0.1224,0.1224,0.1224,0.1224,0.1224,0.1224,0.1224,0.1224,0.1224,0.1224,0.1224,0.1224,0.1224,0.1224,0.1224,0.1224,0.1224,0.1224,0.1224,0.1224,0.1224,0.1224,0.1224,0.1224,0.1224
7,0.1927,0.2330,0.2670,0.2964,0.3223,0.3454,0.3663,0.3854,0.4029,0.4191,0.4342,0.4483,0.4615,0.4740,0.4858,0.4970,0.5077,0.5178,0.5275,0.5368,0.5457,0.5542,0.5625,0.5704,0.5780,0.5854,0.5926,0.5995,0.6062,0.6127,0.6190,0.6251,0.6311,0.6369,0.6426,0.6481,0.6534,0.6587,0.6638,0.6688,0.6737,0.6785,0.6832,0.6877,0.6922,0.6966,0.7009,0.7052,0.7093,0.7134,0.0000,0.0000,0.0000,0.0000,0.0000,0.0000,0.0000,0.0000,0.0000,0.0000,0.0000,0.0000,0.0000,0.0000,0.0000,0.0000,0.0000,0.0000,0.0000,0.0000,0.0000,0.0000,0.0000,0.0000,0.0000,0.5000,0.5000,0.5000,0.5000,0.5000,0.5000,0.5000,0.5000,0.5000,0.5000,0.5000,0.5000,0.5000,0.5000,0.5000,0.5000,0.5000,0.5000,0.5000,0.5000,0.5000,0.5000,0.5000,0.5000,0.5000,0.0000,0.0204,0.0408,0.0612,0.0816,0.1020,0.1224,0.1429,0.1633,0.1837,0.2041,0.2245,0.2449,0.2653,0.2857,0.3061,0.3265,0.3469,0.3673,0.3878,0.4082,0.4286,0.4490,0.4694,0.4898,0.5102,0.5306,0.5510,0.5714,0.5918,0.6122,0.6327,0.6531,0.6735,0.6939,0.7143,0.7347,0.7551,0.7755,0.7959,0.8163,0.8367,0.8571,0.8776,0.8980,0.9184,0.9388,0.9592,0.9796,1.0000,0.1429,0.1429,0.1429,0.1429,0.1429,0.1429,0.1429,0.1429,0.1429,0.1429,0.1429,0.1429,0.1429,0.1429,0.1429,0.1429,0.1429,0.1429,0.1429,0.1429,0.1429,0.1429,0.1429,0.1429,0.1429,0.1429,0.1429,0.1429,0.1429,0.1429,0.1429,0.1429,0.1429,0.1429,0.1429,0.1429,0.1429,0.1429,0.1429,0.1429,0.1429,0.1429,0.1429,0.1429,0.1429,0.1429,0.1429,0.1429,0.1429,0.1429
8,0.2102,0.2505,0.2845,0.3139,0.3398,0.3629,0.3838,0.4029,0.4204,0.4366,0.4517,0.4658,0.4790,0.4915,0.5033,0.5145,0.5252,0.5353,0.5450,0.5543,0.5632,0.5717,0.5800,0.5879,0.5955,0.6029,0.6101,0.6170,0.6237,0.6302,0.6365,0.6426,0.6486,0.6544,0.6601,0.6656,0.6710,0.6762,0.6813,0.6863,0.6912,0.6960,0.7007,0.7053,0.7098,0.7141,0.7185,0.7227,0.7268,0.7309,0.0000,0.0000,0.0000,0.0000,0.0000,0.0000,0.0000,0.0000,0.0000,0.0000,0.0000,0.0000,0.0000,0.0000,0.0000,0.0000,0.0000,0.0000,0.0000,0.0000,0.0000,0.0000,0.0000,0.0000,0.0000,0.5000,0.5000,0.5000,0.5000,0.5000,0.5000,0.5000,0.5000,0.5000,0.5000,0.5000,0.5000,0.5000,0.5000,0.5000,0.5000,0.5000,0.5000,0.5000,0.5000,0.5000,0.5000,0.5000,0.5000,0.5000,0.0000,0.0204,0.0408,0.0612,0.0816,0.1020,0.1224,0.1429,0.1633,0.1837,0.2041,0.2245,0.2449,0.2653,0.2857,0.3061,0.3265,0.3469,0.3673,0.3878,0.4082,0.4286,0.4490,0.4694,0.4898,0.5102,0.5306,0.5510,0.5714,0.5918,0.6122,0.6327,0.6531,0.6735,0.6939,0.7143,0.7347,0.7551,0.7755,0.7959,0.8163,0.8367,0.8571,0.8776,0.8980,0.9184,0.9388,0.9592,0.9796,1.0000,0.1633,0.1633,0.1633,0.1633,0.1633,0.1633,0.1633,0.1633,0.1633,0.1633,0.1633,0.1633,0.1633,0.1633,0.1633,0.1633,0.1633,0.1633,0.1633,0.1633,0.1633,0.1633,0.1633,0.1633,0.1633,0.1633,0.1633,0.1633,0.1633,0.1633,0.1633,0.1633,0.1633,0.1633,0.1633,0.1633,0.1633,0.1633,0.1633,0.1633,0.1633,0.1633,0.1633,0.1633,0.1633,0.1633,0.1633,0.1633,0.1633,0.1633
9,0.2264,0.2667,0.3007,0.3301,0.3560,0.3791,0.4000,0.4191,0.4366,0.4528,0.4679,0.4820,0.4953,0.5077,0.5195,0.5307,0.5414,0.5515,0.5612,0.5705,0.5794,0.5880,0.5962,0.6041,0.6118,0.6191,0.6263,0.6332,0.6399,0.6464,0.6527,0.6589,0.6648,0.6706,0.6763,0.6818,0.6872,0.6924,0.6975,0.7025,0.7074,0.7122,0.7169,0.7215,0.7260,0.7304,0.7347,0.7389,0.7430,0.7471,0.0000,0.0000,0.0000,0.0000,0.0000,0.0000,0.0000,0.0000,0.0000,0.0000,0.0000,0.0000,0.0000,0.0000,0.0000,0.0000,0.0000,0.0000,0.0000,0.0000,0.0000,0.0000,0.0000,0.0000,0.0000,0.5000,0.5000,0.5000,0.5000,0.5000,0.5000,0.5000,0.5000,0.5000,0.5000,0.5000,0.5000,0.5000,0.5000,0.5000,0.5000,0.5000,0.5000,0.5000,0.5000,0.5000,0.5000,0.5000,0.5000,0.5000,0.0000,0.0204,0.0408,0.0612,0.0816,0.1020,0.1224,0.1429,0.1633,0.1837,0.2041,0.2245,0.2449,0.2653,0.2857,0.3061,0.3265,0.3469,0.3673,0.3878,0.4082,0.4286,0.4490,0.4694,0.4898,0.5102,0.5306,0.5510,0.5714,0.5918,0.6122,0.6327,0.6531,0.6735,0.6939,0.7143,0.7347,0.7551,0.7755,0.7959,0.8163,0.8367,0.8571,0.8776,0.8980,0.9184,0.9388,0.9592,0.9796,1.0000,0.1837,0.1837,0.1837,0.1837,0.1837,0.1837,0.1837,0.1837,0.1837,0.1837,0.1837,0.1837,0.1837,0.1837,0.1837,0.1837,0.1837,0.1837,0.1837,0.1837,0.1837,0.1837,0.1837,0.1837,0.1837,0.1837,0.1837,0.1837,0.1837,0.1837,0.1837,0.1837,0.1837,0.1837,0.1837,0.1837,0.1837,0.1837,0.1837,0.1837,0.1837,0.1837,0.1837,0.1837,0.1837,0.1837,0.1837,0.1837,0.1837,0.1837
10,0.2415,0.2818,0.3158,0.3452,0.3711,0.3942,0.4151,0.4342,0.4517,0.4679,0.4830,0.4971,0.5103,0.5228,0.5346,0.5458,0.5565,0.5666,0.5763,0.5856,0.5945,0.6030,0.6113,0.6192,0.6268,0.6342,0.6414,0.6483,0.6550,0.6615,0.6678,0.6739,0.6799,0.6857,0.6914,0.6969,0.7023,0.7075,0.7126,0.7176,0.7225,0.7273,0.7320,0.7366,0.7411,0.7454,0.7498,0.7540,0.7581,0.7622,0.0000,0.0000,0.0000,0.0000,0.0000,0.0000,0.0000,0.0000,0.0000,0.0000,0.0000,0.0000,0.0000,0.0000,0.0000,0.0000,0.0000,0.0000,0.0000,0.0000,0.0000,0.0000,0.0000,0.0000,0.0000,0.5000,0.5000,0.5000,0.5000,0.5000,0.5000,0.5000,0.5000,0.5000,0.5000,0.5000,0.5000,0.5000,0.5000,0.5000,0.5000,0.5000,0.5000,0.5000,0.5000,0.5000,0.5000,0.5000,0.5000,0.5000,0.0000,0.0204,0.0408,0.0612,0.0816,0.1020,0.1224,0.1429,0.1633,0.1837,0.2041,0.2245,0.2449,0.2653,0.2857,0.3061,0.3265,0.3469,0.3673,0.3878,0.4082,0.4286,0.4490,0.4694,0.4898,0.5102,0.5306,0.5510,0.5714,0.5918,0.6122,0.6327,0.6531,0.6735,0.6939,0.7143,0.7347,0.7551,0.7755,0.7959,0.8163,0.8367,0.8571,0.8776,0.8980,0.9184,0.9388,0.9592,0.9796,1.0000,0.2041,0.2041,0.2041,0.2041,0.2041,0.2041,0.2041,0.2041,0.2041,0.2041,0.2041,0.2041,0.2041,0.2041,0.2041,0.2041,0.2041,0.2041,0.2041,0.2041,0.2041,0.2041,0.2041,0.2041,0.2041,0.2041,0.2041,0.2041,0.2041,0.2041,0.2041,0.2041,0.2041,0.2041,0.2041,0.2041,0.2041,0.2041,0.2041,0.2041,0.2041,0.2041,0.2041,0.2041,0.2041,0.2041,0.2041,0.2041,0.2041,0.2041
11,0.2556,0.2959,0.3299,0.3593,0.3852,0.4083,0.4292,0.4483,0.4658,0.4820,0.4971,0.5112,0.5244,0.5369,0.5487,0.5599,0.5706,0.5807,0.5904,0.5997,0.6086,0.6172,0.6254,0.6333,0.6410,0.6483,0.6555,0.6624,0.6691,0.6756,0.6819,0.6880,0.6940,0.6998,0.7055,0.7110,0.7164,0.7216,0.7267,0.7317,0.7366,0.7414,0.7461,0.7507,0.7552,0.7596,0.7639,0.7681,0.7722,0.7763,0.0000,0.0000,0.0000,0.0000,0.0000,0.0000,0.0000,0.0000,0.0000,0.0000,0.0000,0.0000,0.0000,0.0000,0.0000,0.0000,0.0000,0.0000,0.0000,0.0000,0.0000,0.0000,0.0000,0.0000,0.0000,0.5000,0.5000,0.5000,0.5000,0.5000,0.5000,0.5000,0.5000,0.5000,0.5000,0.5000,0.5000,0.5000,0.5000,0.5000,0.5000,0.5000,0.5000,0.5000,0.5000,0.5000,0.5000,0.5000,0.5000,0.5000,0.0000,0.0204,0.0408,0.0612,0.0816,0.1020,0.1224,0.1429,0.1633,0.1837,0.2041,0.2245,0.2449,0.2653,0.2857,0.3061,0.3265,0.3469,0.3673,0.3878,0.4082,0.4286,0.4490,0.4694,0.4898,0.5102,0.5306,0.5510,0.5714,0.5918,0.6122,0.6327,0.6531,0.6735,0.6939,0.7143,0.7347,0.7551,0.7755,0.7959,0.8163,0.8367,0.8571,0.8776,0.8980,0.9184,0.9388,0.9592,0.9796,1.0000,0.2245,0.2245,0.2245,0.2245,0.2245,0.2245,0.2245,0.2245,0.2245,0.2245,0.2245,0.2245,0.2245,0.2245,0.2245,0.2245,0.2245,0.2245,0.2245,0.2245,0.2245,0.2245,0.2245,0.2245,0.2245,0.2245,0.2245,0.2245,0.2245,0.2245,0.2245,0.2245,0.2245,0.2245,0.2245,0.2245,0.2245,0.2245,0.2245,0.2245,0.2245,0.2245,0.2245,0.2245,0.2245,0.2245,0.2245,0.2245,0.2245,0.2245
12,0.2688,0.3092,0.3432,0.3726,0.3984,0.4216,0.4425,0.4615,0.4790,0.4953,0.5103,0.5244,0.5377,0.5502,0.5620,0.5732,0.5838,0.5940,0.6037,0.6129,0.6218,0.6304,0.6386,0.6465,0.6542,0.6616,0.6687,0.6756,0.6823,0.6888,0.6952,0.7013,0.7073,0.7131,0.7187,0.7242,0.7296,0.7349,0.7400,0.7450,0.7499,0.7547,0.7593,0.7639,0.7684,0.7728,0.7771,0.7813,0.7855,0.7895,0.0000,0.0000,0.0000,0.0000,0.0000,0.0000,0.0000,0.0000,0.0000,0.0000,0.0000,0.0000,0.0000,0.0000,0.0000,0.0000,0.0000,0.0000,0.0000,0.0000,0.0000,0.0000,0.0000,0.0000,0.0000,0.5000,0.5000,0.5000,0.5000,0.5000,0.5000,0.5000,0.5000,0.5000,0.5000,0.5000,0.5000,0.5000,0.5000,0.5000,0.5000,0.5000,0.5000,0.5000,0.5000,0.5000,0.5000,0.5000,0.5000,0.5000,0.0000,0.0204,0.0408,0.0612,0.0816,0.1020,0.1224,0.1429,0.1633,0.1837,0.2041,0.2245,0.2449,0.2653,0.2857,0.3061,0.3265,0.3469,0.3673,0.3878,0.4082,0.4286,0.4490,0.4694,0.4898,0.5102,0.5306,0.5510,0.5714,0.5918,0.6122,0.6327,0.6531,0.6735,0.6939,0.7143,0.7347,0.7551,0.7755,0.7959,0.8163,0.8367,0.8571,0.8776,0.8980,0.9184,0.9388,0.9592,0.9796,1.0000,0.2449,0.2449,0.2449,0.2449,0.2449,0.2449,0.2449,0.2449,0.2449,0.2449,0.2449,0.2449,0.2449,0.2449,0.2449,0.2449,0.2449,0.2449,0.2449,0.2449,0.2449,0.2449,0.2449,0.2449,0.2449,0.2449,0.2449,0.2449,0.2449,0.2449,0.2449,0.2449,0.2449,0.2449,0.2449,0.2449,0.2449,0.2449,0.2449,0.2449,0.2449,0.2449,0.2449,0.2449,0.2449,0.2449,0.2449,0.2449,0.2449,0.2449
13,0.2813,0.3217,0.3557,0.3850,0.4109,0.4340,0.4549,0.4740,0.4915,0.5077,0.5228,0.5369,0.5502,0.5627,0.5745,0.5857,0.5963,0.6065,0.6161,0.6254,0.6343,0.6429,0.6511,0.6590,0.6667,0.6741,0.6812,0.6881,0.6948,0.7013,0.7076,0.7138,0.7197,0.7256,0.7312,0.7367,0.7421,0.7473,0.7525,0.7575,0.7624,0.7671,0.7718,0.7764,0.7809,0.7853,0.7896,0.7938,0.7980,0.8020,0.0000,0.0000,0.0000,0.0000,0.0000,0.0000,0.0000,0.0000,0.0000,0.0000,0.0000,0.0000,0.0000,0.0000,0.0000,0.0000,0.0000,0.0000,0.0000,0.0000,0.0000,0.0000,0.0000,0.0000,0.0000,0.5000,0.5000,0.5000,0.5000,0.5000,0.5000,0.5000,0.5000,0.5000,0.5000,0.5000,0.5000,0.5000,0.5000,0.5000,0.5000,0.5000,0.5000,0.5000,0.5000,0.5000,0.5000,0.5000,0.5000,0.5000,0.0000,0.0204,0.0408,0.0612,0.0816,0.1020,0.1224,0.1429,0.1633,0.1837,0.2041,0.2245,0.2449,0.2653,0.2857,0.3061,0.3265,0.3469,0.3673,0.3878,0.4082,0.4286,0.4490,0.4694,0.4898,0.5102,0.5306,0.5510,0.5714,0.5918,0.6122,0.6327,0.6531,0.6735,0.6939,0.7143,0.7347,0.7551,0.7755,0.7959,0.8163,0.8367,0.8571,0.8776,0.8980,0.9184,0.9388,0.9592,0.9796,1.0000,0.2653,0.2653,0.2653,0.2653,0.2653,0.2653,0.2653,0.2653,0.2653,0.2653,0.2653,0.2653,0.2653,0.2653,0.2653,0.2653,0.2653,0.2653,0.2653,0.2653,0.2653,0.2653,0.2653,0.2653,0.2653,0.2653,0.2653,0.2653,0.2653,0.2653,0.2653,0.2653,0.2653,0.2653,0.2653,0.2653,0.2653,0.2653,0.2653,0.2653,0.2653,0.2653,0.2653,0.2653,0.2653,0.2653,0.2653,0.2653,0.2653,0.2653
14,0.2931,0.3335,0.3675,0.3968,0.4227,0.4459,0.4667,0.4858,0.5033,0.5195,0.5346,0.5487,0.5620,0.5745,0.5863,0.5975,0.6081,0.6183,0.6280,0.6372,0.6461,0.6547,0.6629,0.6708,0.6785,0.6859,0.6930,0.6999,0.7066,0.7131,0.7194,0.7256,0.7315,0.7374,0.7430,0.7485,0.7539,0.7591,0.7643,0.7693,0.7742,0.7789,0.7836,0.7882,0.7927,0.7971,0.8014,0.8056,0.8098,0.8138,0.0000,0.0000,0.0000,0.0000,0.0000,0.0000,0.0000,0.0000,0.0000,0.0000,0.0000,0.0000,0.0000,0.0000,0.0000,0.0000,0.0000,0.0000,0.0000,0.0000,0.0000,0.0000,0.0000,0.0000,0.0000,0.5000,0.5000,0.5000,0.5000,0.5000,0.5000,0.5000,0.5000,0.5000,0.5000,0.5000,0.5000,0.5000,0.5000,0.5000,0.5000,0.5000,0.5000,0.5000,0.5000,0.5000,0.5000,0.5000,0.5000,0.5000,0.0000,0.0204,0.0408,0.0612,0.0816,0.1020,0.1224,0.1429,0.1633,0.1837,0.2041,0.2245,0.2449,0.2653,0.2857,0.3061,0.3265,0.3469,0.3673,0.3878,0.4082,0.4286,0.4490,0.4694,0.4898,0.5102,0.5306,0.5510,0.5714,0.5918,0.6122,0.6327,0.6531,0.6735,0.6939,0.7143,0.7347,0.7551,0.7755,0.7959,0.8163,0.8367,0.8571,0.8776,0.8980,0.9184,0.9388,0.9592,0.9796,1.0000,0.2857,0.2857,0.2857,0.2857,0.2857,0.2857,0.2857,0.2857,0.2857,0.2857,0.2857,0.2857,0.2857,0.2857,0.2857,0.2857,0.2857,0.2857,0.2857,0.2857,0.2857,0.2857,0.2857,0.2857,0.2857,0.2857,0.2857,0.2857,0.2857,0.2857,0.2857,0.2857,0.2857,0.2857,0.2857,0.2857,0.2857,0.2857,0.2857,0.2857,0.2857,0.2857,0.2857,0.2857,0.2857,0.2857,0.2857,0.2857,0.2857,0.2857
15,0.3043,0.3447,0.3787,0.4080,0.4339,0.4570,0.4779,0.4970,0.5145,0.5307,0.5458,0.5599,0.5732,0.5857,0.5975,0.6087,0.6193,0.6295,0.6391,0.6484,0.6573,0.6659,0.6741,0.6820,0.6897,0.6971,0.7042,0.7111,0.7178,0.7243,0.7306,0.7368,0.7427,0.7486,0.7542,0.7597,0.7651,0.7703,0.7755,0.7805,0.7854,0.7901,0.7948,0.7994,0.8039,0.8083,0.8126,0.8168,0.8210,0.8250,0.0000,0.0000,0.0000,0.0000,0.0000,0.0000,0.0000,0.0000,0.0000,0.0000,0.0000,0.0000,0.0000,0.0000,0.0000,0.0000,0.0000,0.0000,0.0000,0.0000,0.0000,0.0000,0.0000,0.0000,0.0000,0.5000,0.5000,0.5000,0.5000,0.5000,0.5000,0.5000,0.5000,0.5000,0.5000,0.5000,0.5000,0.5000,0.5000,0.5000,0.5000,0.5000,0.5000,0.5000,0.5000,0.5000,0.5000,0.5000,0.5000,0.5000,0.0000,0.0204,0.0408,0.0612,0.0816,0.1020,0.1224,0.1429,0.1633,0.1837,0.2041,0.2245,0.2449,0.2653,0.2857,0.3061,0.3265,0.3469,0.3673,0.3878,0.4082,0.4286,0.4490,0.4694,0.4898,0.5102,0.5306,0.5510,0.5714,0.5918,0.6122,0.6327,0.6531,0.6735,0.6939,0.7143,0.7347,0.7551,0.7755,0.7959,0.8163,0.8367,0.8571,0.8776,0.8980,0.9184,0.9388,0.9592,0.9796,1.0000,0.3061,0.3061,0.3061,0.3061,0.3061,0.3061,0.3061,0.3061,0.3061,0.3061,0.3061,0.3061,0.3061,0.3061,0.3061,0.3061,0.3061,0.3061,0.3061,0.3061,0.3061,0.3061,0.3061,0.3061,0.3061,0.3061,0.3061,0.3061,0.3061,0.3061,0.3061,0.3061,0.3061,0.3061,0.3061,0.3061,0.3061,0.3061,0.3061,0.3061,0.3061,0.3061,0.3061,0.3061,0.3061,0.3061,0.3061,0.3061,0.3061,0.3061
16,0.3150,0.3553,0.3893,0.4187,0.4446,0.4677,0.4886,0.5077,0.5252,0.5414,0.5565,0.5706,0.5838,0.5963,0.6081,0.6193,0.6300,0.6401,0.6498,0.6591,0.6680,0.6765,0.6848,0.6927,0.7003,0.7077,0.7149,0.7218,0.7285,0.7350,0.7413,0.7474,0.7534,0.7592,0.7649,0.7704,0.7757,0.7810,0.7861,0.7911,0.7960,0.8008,0.8055,0.8100,0.8145,0.8189,0.8232,0.8275,0.8316,0.8357,0.0000,0.0000,0.0000,0.0000,0.0000,0.0000,0.0000,0.0000,0.0000,0.0000,0.0000,0.0000,0.0000,0.0000,0.0000,0.0000,0.0000,0.0000,0.0000,0.0000,0.0000,0.0000,0.0000,0.0000,0.0000,0.5000,0.5000,0.5000,0.5000,0.5000,0.5000,0.5000,0.5000,0.5000,0.5000,0.5000,0.5000,0.5000,0.5000,0.5000,0.5000,0.5000,0.5000,0.5000,0.5000,0.5000,0.5000,0.5000,0.5000,0.5000,0.0000,0.0204,0.0408,0.0612,0.0816,0.1020,0.1224,0.1429,0.1633,0.1837,0.2041,0.2245,0.2449,0.2653,0.2857,0.3061,0.3265,0.3469,0.3673,0.3878,0.4082,0.4286,0.4490,0.4694,0.4898,0.5102,0.5306,0.5510,0.5714,0.5918,0.6122,0.6327,0.6531,0.6735,0.6939,0.7143,0.7347,0.7551,0.7755,0.7959,0.8163,0.8367,0.8571,0.8776,0.8980,0.9184,0.9388,0.9592,0.9796,1.0000,0.3265,0.3265,0.3265,0.3265,0.3265,0.3265,0.3265,0.3265,0.3265,0.3265,0.3265,0.3265,0.3265,0.3265,0.3265,0.3265,0.3265,0.3265,0.3265,0.3265,0.3265,0.3265,0.3265,0.3265,0.3265,0.3265,0.3265,0.3265,0.3265,0.3265,0.3265,0.3265,0.3265,0.3265,0.3265,0.3265,0.3265,0.3265,0.3265,0.3265,0.3265,0.3265,0.3265,0.3265,0.3265,0.3265,0.3265,0.3265,0.3265,0.3265
17,0.3251,0.3655,0.3995,0.4288,0.4547,0.4778,0.4987,0.5178,0.5353,0.5515,0.5666,0.5807,0.5940,0.6065,0.6183,0.6295,0.6401,0.6502,0.6599,0.6692,0.6781,0.6867,0.6949,0.7028,0.7105,0.7179,0.7250,0.7319,0.7386,0.7451,0.7514,0.7576,0.7635,0.7693,0.7750,0.7805,0.7859,0.7911,0.7963,0.8013,0.8061,0.8109,0.8156,0.8202,0.8247,0.8291,0.8334,0.8376,0.8418,0.8458,0.0000,0.0000,0.0000,0.0000,0.0000,0.0000,0.0000,0.0000,0.0000,0.0000,0.0000,0.0000,0.0000,0.0000,0.0000,0.0000,0.0000,0.0000,0.0000,0.0000,0.0000,0.0000,0.0000,0.0000,0.0000,0.5000,0.5000,0.5000,0.5000,0.5000,0.5000,0.5000,0.5000,0.5000,0.5000,0.5000,0.5000,0.5000,0.5000,0.5000,0.5000,0.5000,0.5000,0.5000,0.5000,0.5000,0.5000,0.5000,0.5000,0.5000,0.0000,0.0204,0.0408,0.0612,0.0816,0.1020,0.1224,0.1429,0.1633,0.1837,0.2041,0.2245,0.2449,0.2653,0.2857,0.3061,0.3265,0.3469,0.3673,0.3878,0.4082,0.4286,0.4490,0.4694,0.4898,0.5102,0.5306,0.5510,0.5714,0.5918,0.6122,0.6327,0.6531,0.6735,0.6939,0.7143,0.7347,0.7551,0.7755,0.7959,0.8163,0.8367,0.8571,0.8776,0.8980,0.9184,0.9388,0.9592,0.9796,1.0000,0.3469,0.3469,0.3469,0.3469,0.3469,0.3469,0.3469,0.3469,0.3469,0.3469,0.3469,0.3469,0.3469,0.3469,0.3469,0.3469,0.3469,0.3469,0.3469,0.3469,0.3469,0.3469,0.3469,0.3469,0.3469,0.3469,0.3469,0.3469,0.3469,0.3469,0.3469,0.3469,0.3469,0.3469,0.3469,0.3469,0.3469,0.3469,0.3469,0.3469,0.3469,0.3469,0.3469,0.3469,0.3469,0.3469,0.3469,0.3469,0.3469,0.3469
18,0.3348,0.3751,0.4091,0.4385,0.4644,0.4875,0.5084,0.5275,0.5450,0.5612,0.5763,0.5904,0.6037,0.6161,0.6280,0.6391,0.6498,0.6599,0.6696,0.6789,0.6878,0.6964,0.7046,0.7125,0.7202,0.7276,0.7347,0.7416,0.7483,0.7548,0.7611,0.7673,0.7732,0.7790,0.7847,0.7902,0.7956,0.8008,0.8060,0.8110,0.8158,0.8206,0.8253,0.8299,0.8344,0.8388,0.8431,0.8473,0.8514,0.8555,0.0000,0.0000,0.0000,0.0000,0.0000,0.0000,0.0000,0.0000,0.0000,0.0000,0.0000,0.0000,0.0000,0.0000,0.0000,0.0000,0.0000,0.0000,0.0000,0.0000,0.0000,0.0000,0.0000,0.0000,0.0000,0.5000,0.5000,0.5000,0.5000,0.5000,0.5000,0.5000,0.5000,0.5000,0.5000,0.5000,0.5000,0.5000,0.5000,0.5000,0.5000,0.5000,0.5000,0.5000,0.5000,0.5000,0.5000,0.5000,0.5000,0.5000,0.0000,0.0204,0.0408,0.0612,0.0816,0.1020,0.1224,0.1429,0.1633,0.1837,0.2041,0.2245,0.2449,0.2653,0.2857,0.3061,0.3265,0.3469,0.3673,0.3878,0.4082,0.4286,0.4490,0.4694,0.4898,0.5102,0.5306,0.5510,0.5714,0.5918,0.6122,0.6327,0.6531,0.6735,0.6939,0.7143,0.7347,0.7551,0.7755,0.7959,0.8163,0.8367,0.8571,0.8776,0.8980,0.9184,0.9388,0.9592,0.9796,1.0000,0.3673,0.3673,0.3673,0.3673,0.3673,0.3673,0.3673,0.3673,0.3673,0.3673,0.3673,0.3673,0.3673,0.3673,0.3673,0.3673,0.3673,0.3673,0.3673,0.3673,0.3673,0.3673,0.3673,0.3673,0.3673,0.3673,0.3673,0.3673,0.3673,0.3673,0.3673,0.3673,0.3673,0.3673,0.3673,0.3673,0.3673,0.3673,0.3673,0.3673,0.3673,0.3673,0.3673,0.3673,0.3673,0.3673,0.3673,0.3673,0.3673,0.3673
19,0.3441,0.3844,0.4184,0.4478,0.4737,0.4968,0.5177,0.5368,0.5543,0.5705,0.5856,0.5997,0.6129,0.6254,0.6372,0.6484,0.6591,0.6692,0.6789,0.6882,0.6971,0.7057,0.7139,0.7218,0.7295,0.7368,0.7440,0.7509,0.7576,0.7641,0.7704,0.7766,0.7825,0.7883,0.7940,0.7995,0.8049,0.8101,0.8152,0.8202,0.8251,0.8299,0.8346,0.8392,0.8437,0.8481,0.8524,0.8566,0.8607,0.8648,0.0000,0.0000,0.0000,0.0000,0.0000,0.0000,0.0000,0.0000,0.0000,0.0000,0.0000,0.0000,0.0000,0.0000,0.0000,0.0000,0.0000,0.0000,0.0000,0.0000,0.0000,0.0000,0.0000,0.0000,0.0000,0.5000,0.5000,0.5000,0.5000,0.5000,0.5000,0.5000,0.5000,0.5000,0.5000,0.5000,0.5000,0.5000,0.5000,0.5000,0.5000,0.5000,0.5000,0.5000,0.5000,0.5000,0.5000,0.5000,0.5000,0.5000,0.0000,0.0204,0.0408,0.0612,0.0816,0.1020,0.1224,0.1429,0.1633,0.1837,0.2041,0.2245,0.2449,0.2653,0.2857,0.3061,0.3265,0.3469,0.3673,0.3878,0.4082,0.4286,0.4490,0.4694,0.4898,0.5102,0.5306,0.5510,0.5714,0.5918,0.6122,0.6327,0.6531,0.6735,0.6939,0.7143,0.7347,0.7551,0.7755,0.7959,0.8163,0.8367,0.8571,0.8776,0.8980,0.9184,0.9388,0.9592,0.9796,1.0000,0.3878,0.3878,0.3878,0.3878,0.3878,0.3878,0.3878,0.3878,0.3878,0.3878,0.3878,0.3878,0.3878,0.3878,0.3878,0.3878,0.3878,0.3878,0.3878,0.3878,0.3878,0.3878,0.3878,0.3878,0.3878,0.3878,0.3878,0.3878,0.3878,0.3878,0.3878,0.3878,0.3878,0.3878,0.3878,0.3878,0.3878,0.3878,0.3878,0.3878,0.3878,0.3878,0.3878,0.3878,0.3878,0.3878,0.3878,0.3878,0.3878,0.3878
20,0.3530,0.3933,0.4273,0.4567,0.4826,0.5057,0.5266,0.5457,0.5632,0.5794,0.5945,0.6086,0.6218,0.6343,0.6461,0.6573,0.6680,0.6781,0.6878,0.6971,0.7060,0.7146,0.7228,0.7307,0.7384,0.7457,0.7529,0.7598,0.7665,0.7730,0.7793,0.7855,0.7914,0.7972,0.8029,0.8084,0.8138,0.8190,0.8241,0.8291,0.8340,0.8388,0.8435,0.8481,0.8526,0.8570,0.8613,0.8655,0.8696,0.8737,0.0000,0.0000,0.0000,0.0000,0.0000,0.0000,0.0000,0.0000,0.0000,0.0000,0.0000,0.0000,0.0000,0.0000,0.0000,0.0000,0.0000,0.0000,0.0000,0.0000,0.0000,0.0000,0.0000,0.0000,0.0000,0.5000,0.5000,0.5000,0.5000,0.5000,0.5000,0.5000,0.5000,0.5000,0.5000,0.5000,0.5000,0.5000,0.5000,0.5000,0.5000,0.5000,0.5000,0.5000,0.5000,0.5000,0.5000,0.5000,0.5000,0.5000,0.0000,0.0204,0.0408,0.0612,0.0816,0.1020,0.1224,0.1429,0.1633,0.1837,0.2041,0.2245,0.2449,0.2653,0.2857,0.3061,0.3265,0.3469,0.3673,0.3878,0.4082,0.4286,0.4490,0.4694,0.4898,0.5102,0.5306,0.5510,0.5714,0.5918,0.6122,0.6327,0.6531,0.6735,0.6939,0.7143,0.7347,0.7551,0.7755,0.7959,0.8163,0.8367,0.8571,0.8776,0.8980,0.9184,0.9388,0.9592,0.9796,1.0000,0.4082,0.4082,0.4082,0.4082,0.4082,0.4082,0.4082,0.4082,0.4082,0.4082,0.4082,0.4082,0.4082,0.4082,0.4082,0.4082,0.4082,0.4082,0.4082,0.4082,0.4082,0.4082,0.4082,0.4082,0.4082,0.4082,0.4082,0.4082,0.4082,0.4082,0.4082,0.4082,0.4082,0.4082,0.4082,0.4082,0.4082,0.4082,0.4082,0.4082,0.4082,0.4082,0.4082,0.4082,0.4082,0.4082,0.4082,0.4082,0.4082,0.4082
21,0.3616,0.4019,0.4359,0.4653,0.4911,0.5143,0.5352,0.5542,0.5717,0.5880,0.6030,0.6172,0.6304,0.6429,0.6547,0.6659,0.6765,0.6867,0.6964,0.7057,0.7146,0.7231,0.7313,0.7393,0.7469,0.7543,0.7614,0.7683,0.7751,0.7816,0.7879,0.7940,0.8000,0.8058,0.8114,0.8169,0.8223,0.8276,0.8327,0.8377,0.8426,0.8474,0.8520,0.8566,0.8611,0.8655,0.8698,0.8740,0.8782,0.8822,0.0000,0.0000,0.0000,0.0000,0.0000,0.0000,0.0000,0.0000,0.0000,0.0000,0.0000,0.0000,0.0000,0.0000,0.0000,0.0000,0.0000,0.0000,0.0000,0.0000,0.0000,0.0000,0.0000,0.0000,0.0000,0.5000,0.5000,0.5000,0.5000,0.5000,0.5000,0.5000,0.5000,0.5000,0.5000,0.5000,0.5000,0.5000,0.5000,0.5000,0.5000,0.5000,0.5000,0.5000,0.5000,0.5000,0.5000,0.5000,0.5000,0.5000,0.0000,0.0204,0.0408,0.0612,0.0816,0.1020,0.1224,0.1429,0.1633,0.1837,0.2041,0.2245,0.2449,0.2653,0.2857,0.3061,0.3265,0.3469,0.3673,0.3878,0.4082,0.4286,0.4490,0.4694,0.4898,0.5102,0.5306,0.5510,0.5714,0.5918,0.6122,0.6327,0.6531,0.6735,0.6939,0.7143,0.7347,0.7551,0.7755,0.7959,0.8163,0.8367,0.8571,0.8776,0.8980,0.9184,0.9388,0.9592,0.9796,1.0000,0.4286,0.4286,0.4286,0.4286,0.4286,0.4286,0.4286,0.4286,0.4286,0.4286,0.4286,0.4286,0.4286,0.4286,0.4286,0.4286,0.4286,0.4286,0.4286,0.4286,0.4286,0.4286,0.4286,0.4286,0.4286,0.4286,0.4286,0.4286,0.4286,0.4286,0.4286,0.4286,0.4286,0.4286,0.4286,0.4286,0.4286,0.4286,0.4286,0.4286,0.4286,0.4286,0.4286,0.4286,0.4286,0.4286,0.4286,0.4286,0.4286,0.4286
22,0.3698,0.4101,0.4441,0.4735,0.4994,0.5225,0.5434,0.5625,0.5800,0.5962,0.6113,0.6254,0.6386,0.6511,0.6629,0.6741,0.6848,0.6949,0.7046,0.7139,0.7228,0.7313,0.7396,0.7475,0.7551,0.7625,0.7697,0.7766,0.7833,0.7898,0.7961,0.8022,0.8082,0.8140,0.8197,0.8252,0.8305,0.8358,0.8409,0.8459,0.8508,0.8556,0.8603,0.8648,0.8693,0.8737,0.8780,0.8823,0.8864,0.8905,0.0000,0.0000,0.0000,0.0000,0.0000,0.0000,0.0000,0.0000,0.0000,0.0000,0.0000,0.0000,0.0000,0.0000,0.0000,0.0000,0.0000,0.0000,0.0000,0.0000,0.0000,0.0000,0.0000,0.0000,0.0000,0.5000,0.5000,0.5000,0.5000,0.5000,0.5000,0.5000,0.5000,0.5000,0.5000,0.5000,0.5000,0.5000,0.5000,0.5000,0.5000,0.5000,0.5000,0.5000,0.5000,0.5000,0.5000,0.5000,0.5000,0.5000,0.0000,0.0204,0.0408,0.0612,0.0816,0.1020,0.1224,0.1429,0.1633,0.1837,0.2041,0.2245,0.2449,0.2653,0.2857,0.3061,0.3265,0.3469,0.3673,0.3878,0.4082,0.4286,0.4490,0.4694,0.4898,0.5102,0.5306,0.5510,0.5714,0.5918,0.6122,0.6327,0.6531,0.6735,0.6939,0.7143,0.7347,0.7551,0.7755,0.7959,0.8163,0.8367,0.8571,0.8776,0.8980,0.9184,0.9388,0.9592,0.9796,1.0000,0.4490,0.4490,0.4490,0.4490,0.4490,0.4490,0.4490,0.4490,0.4490,0.4490,0.4490,0.4490,0.4490,0.4490,0.4490,0.4490,0.4490,0.4490,0.4490,0.4490,0.4490,0.4490,0.4490,0.4490,0.4490,0.4490,0.4490,0.4490,0.4490,0.4490,0.4490,0.4490,0.4490,0.4490,0.4490,0.4490,0.4490,0.4490,0.4490,0.4490,0.4490,0.4490,0.4490,0.4490,0.4490,0.4490,0.4490,0.4490,0.4490,0.4490
23,0.3777,0.4180,0.4520,0.4814,0.5073,0.5304,0.5513,0.5704,0.5879,0.6041,0.6192,0.6333,0.6465,0.6590,0.6708,0.6820,0.6927,0.7028,0.7125,0.7218,0.7307,0.7393,0.7475,0.7554,0.7631,0.7704,0.7776,0.7845,0.7912,0.7977,0.8040,0.8102,0.8161,0.8219,0.8276,0.8331,0.8385,0.8437,0.8488,0.8538,0.8587,0.8635,0.8682,0.8728,0.8773,0.8817,0.8860,0.8902,0.8943,0.8984,0.0000,0.0000,0.0000,0.0000,0.0000,0.0000,0.0000,0.0000,0.0000,0.0000,0.0000,0.0000,0.0000,0.0000,0.0000,0.0000,0.0000,0.0000,0.0000,0.0000,0.0000,0.0000,0.0000,0.0000,0.0000,0.5000,0.5000,0.5000,0.5000,0.5000,0.5000,0.5000,0.5000,0.5000,0.5000,0.5000,0.5000,0.5000,0.5000,0.5000,0.5000,0.5000,0.5000,0.5000,0.5000,0.5000,0.5000,0.5000,0.5000,0.5000,0.0000,0.0204,0.0408,0.0612,0.0816,0.1020,0.1224,0.1429,0.1633,0.1837,0.2041,0.2245,0.2449,0.2653,0.2857,0.3061,0.3265,0.3469,0.3673,0.3878,0.4082,0.4286,0.4490,0.4694,0.4898,0.5102,0.5306,0.5510,0.5714,0.5918,0.6122,0.6327,0.6531,0.6735,0.6939,0.7143,0.7347,0.7551,0.7755,0.7959,0.8163,0.8367,0.8571,0.8776,0.8980,0.9184,0.9388,0.9592,0.9796,1.0000,0.4694,0.4694,0.4694,0.4694,0.4694,0.4694,0.4694,0.4694,0.4694,0.4694,0.4694,0.4694,0.4694,0.4694,0.4694,0.4694,0.4694,0.4694,0.4694,0.4694,0.4694,0.4694,0.4694,0.4694,0.4694,0.4694,0.4694,0.4694,0.4694,0.4694,0.4694,0.4694,0.4694,0.4694,0.4694,0.4694,0.4694,0.4694,0.4694,0.4694,0.4694,0.4694,0.4694,0.4694,0.4694,0.4694,0.4694,0.4694,0.4694,0.4694
24,0.3854,0.4257,0.4597,0.4891,0.5149,0.5381,0.5590,0.5780,0.5955,0.6118,0.6268,0.6410,0.6542,0.6667,0.6785,0.6897,0.7003,0.7105,0.7202,0.7295,0.7384,0.7469,0.7551,0.7631,0.7707,0.7781,0.7852,0.7921,0.7989,0.8054,0.8117,0.8178,0.8238,0.8296,0.8352,0.8407,0.8461,0.8514,0.8565,0.8615,0.8664,0.8712,0.8758,0.8804,0.8849,0.8893,0.8936,0.8978,0.9020,0.9060,0.0000,0.0000,0.0000,0.0000,0.0000,0.0000,0.0000,0.0000,0.0000,0.0000,0.0000,0.0000,0.0000,0.0000,0.0000,0.0000,0.0000,0.0000,0.0000,0.0000,0.0000,0.0000,0.0000,0.0000,0.0000,0.5000,0.5000,0.5000,0.5000,0.5000,0.5000,0.5000,0.5000,0.5000,0.5000,0.5000,0.5000,0.5000,0.5000,0.5000,0.5000,0.5000,0.5000,0.5000,0.5000,0.5000,0.5000,0.5000,0.5000,0.5000,0.0000,0.0204,0.0408,0.0612,0.0816,0.1020,0.1224,0.1429,0.1633,0.1837,0.2041,0.2245,0.2449,0.2653,0.2857,0.3061,0.3265,0.3469,0.3673,0.3878,0.4082,0.4286,0.4490,0.4694,0.4898,0.5102,0.5306,0.5510,0.5714,0.5918,0.6122,0.6327,0.6531,0.6735,0.6939,0.7143,0.7347,0.7551,0.7755,0.7959,0.8163,0.8367,0.8571,0.8776,0.8980,0.9184,0.9388,0.9592,0.9796,1.0000,0.4898,0.4898,0.4898,0.4898,0.4898,0.4898,0.4898,0.4898,0.4898,0.4898,0.4898,0.4898,0.4898,0.4898,0.4898,0.4898,0.4898,0.4898,0.4898,0.4898,0.4898,0.4898,0.4898,0.4898,0.4898,0.4898,0.4898,0.4898,0.4898,0.4898,0.4898,0.4898,0.4898,0.4898,0.4898,0.4898,0.4898,0.4898,0.4898,0.4898,0.4898,0.4898,0.4898,0.4898,0.4898,0.4898,0.4898,0.4898,0.4898,0.4898
25,0.3927,0.4331,0.4671,0.4965,0.5223,0.5455,0.5664,0.5854,0.6029,0.6191,0.6342,0.6483,0.6616,0.6741,0.6859,0.6971,0.7077,0.7179,0.7276,0.7368,0.7457,0.7543,0.7625,0.7704,0.7781,0.7855,0.7926,0.7995,0.8062,0.8127,0.8191,0.8252,0.8312,0.8370,0.8426,0.8481,0.8535,0.8587,0.8639,0.8689,0.8738,0.8785,0.8832,0.8878,0.8923,0.8967,0.9010,0.9052,0.9094,0.9134,0.5000,0.5000,0.5000,0.5000,0.5000,0.5000,0.5000,0.5000,0.5000,0.5000,0.5000,0.5000,0.5000,0.5000,0.5000,0.5000,0.5000,0.5000,0.5000,0.5000,0.5000,0.5000,0.5000,0.5000,0.5000,1.0000,1.0000,1.0000,1.0000,1.0000,1.0000,1.0000,1.0000,1.0000,1.0000,1.0000,1.0000,1.0000,1.0000,1.0000,1.0000,1.0000,1.0000,1.0000,1.0000,1.0000,1.0000,1.0000,1.0000,1.0000,0.0000,0.0204,0.0408,0.0612,0.0816,0.1020,0.1224,0.1429,0.1633,0.1837,0.2041,0.2245,0.2449,0.2653,0.2857,0.3061,0.3265,0.3469,0.3673,0.3878,0.4082,0.4286,0.4490,0.4694,0.4898,0.5102,0.5306,0.5510,0.5714,0.5918,0.6122,0.6327,0.6531,0.6735,0.6939,0.7143,0.7347,0.7551,0.7755,0.7959,0.8163,0.8367,0.8571,0.8776,0.8980,0.9184,0.9388,0.9592,0.9796,1.0000,0.5102,0.5102,0.5102,0.5102,0.5102,0.5102,0.5102,0.5102,0.5102,0.5102,0.5102,0.5102,0.5102,0.5102,0.5102,0.5102,0.5102,0.5102,0.5102,0.5102,0.5102,0.5102,0.5102,0.5102,0.5102,0.5102,0.5102,0.5102,0.5102,0.5102,0.5102,0.5102,0.5102,0.5102,0.5102,0.5102,0.5102,0.5102,0.5102,0.5102,0.5102,0.5102,0.5102,0.5102,0.5102,0.5102,0.5102,0.5102,0.5102,0.5102
26,0.3999,0.4402,0.4742,0.5036,0.5295,0.5526,0.5735,0.5926,0.6101,0.6263,0.6414,0.6555,0.6687,0.6812,0.6930,0.7042,0.7149,0.7250,0.7347,0.7440,0.7529,0.7614,0.7697,0.7776,0.7852,0.7926,0.7998,0.8067,0.8134,0.8199,0.8262,0.8323,0.8383,0.8441,0.8498,0.8553,0.8606,0.8659,0.8710,0.8760,0.8809,0.8857,0.8904,0.8950,0.8994,0.9038,0.9081,0.9124,0.9165,0.9206,0.5000,0.5000,0.5000,0.5000,0.5000,0.5000,0.5000,0.5000,0.5000,0.5000,0.5000,0.5000,0.5000,0.5000,0.5000,0.5000,0.5000,0.5000,0.5000,0.5000,0.5000,0.5000,0.5000,0.5000,0.5000,1.0000,1.0000,1.0000,1.0000,1.0000,1.0000,1.0000,1.0000,1.0000,1.0000,1.0000,1.0000,1.0000,1.0000,1.0000,1.0000,1.0000,1.0000,1.0000,1.0000,1.0000,1.0000,1.0000,1.0000,1.0000,0.0000,0.0204,0.0408,0.0612,0.0816,0.1020,0.1224,0.1429,0.1633,0.1837,0.2041,0.2245,0.2449,0.2653,0.2857,0.3061,0.3265,0.3469,0.3673,0.3878,0.4082,0.4286,0.4490,0.4694,0.4898,0.5102,0.5306,0.5510,0.5714,0.5918,0.6122,0.6327,0.6531,0.6735,0.6939,0.7143,0.7347,0.7551,0.7755,0.7959,0.8163,0.8367,0.8571,0.8776,0.8980,0.9184,0.9388,0.9592,0.9796,1.0000,0.5306,0.5306,0.5306,0.5306,0.5306,0.5306,0.5306,0.5306,0.5306,0.5306,0.5306,0.5306,0.5306,0.5306,0.5306,0.5306,0.5306,0.5306,0.5306,0.5306,0.5306,0.5306,0.5306,0.5306,0.5306,0.5306,0.5306,0.5306,0.5306,0.5306,0.5306,0.5306,0.5306,0.5306,0.5306,0.5306,0.5306,0.5306,0.5306,0.5306,0.5306,0.5306,0.5306,0.5306,0.5306,0.5306,0.5306,0.5306,0.5306,0.5306
27,0.4068,0.4471,0.4811,0.5105,0.5364,0.5595,0.5804,0.5995,0.6170,0.6332,0.6483,0.6624,0.6756,0.6881,0.6999,0.7111,0.7218,0.7319,0.7416,0.7509,0.7598,0.7683,0.7766,0.7845,0.7921,0.7995,0.8067,0.8136,0.8203,0.8268,0.8331,0.8392,0.8452,0.8510,0.8567,0.8622,0.8676,0.8728,0.8779,0.8829,0.8878,0.8926,0.8973,0.9019,0.9064,0.9107,0.9151,0.9193,0.9234,0.9275,0.5000,0.5000,0.5000,0.5000,0.5000,0.5000,0.5000,0.5000,0.5000,0.5000,0.5000,0.5000,0.5000,0.5000,0.5000,0.5000,0.5000,0.5000,0.5000,0.5000,0.5000,0.5000,0.5000,0.5000,0.5000,1.0000,1.0000,1.0000,1.0000,1.0000,1.0000,1.0000,1.0000,1.0000,1.0000,1.0000,1.0000,1.0000,1.0000,1.0000,1.0000,1.0000,1.0000,1.0000,1.0000,1.0000,1.0000,1.0000,1.0000,1.0000,0.0000,0.0204,0.0408,0.0612,0.0816,0.1020,0.1224,0.1429,0.1633,0.1837,0.2041,0.2245,0.2449,0.2653,0.2857,0.3061,0.3265,0.3469,0.3673,0.3878,0.4082,0.4286,0.4490,0.4694,0.4898,0.5102,0.5306,0.5510,0.5714,0.5918,0.6122,0.6327,0.6531,0.6735,0.6939,0.7143,0.7347,0.7551,0.7755,0.7959,0.8163,0.8367,0.8571,0.8776,0.8980,0.9184,0.9388,0.9592,0.9796,1.0000,0.5510,0.5510,0.5510,0.5510,0.5510,0.5510,0.5510,0.5510,0.5510,0.5510,0.5510,0.5510,0.5510,0.5510,0.5510,0.5510,0.5510,0.5510,0.5510,0.5510,0.5510,0.5510,0.5510,0.5510,0.5510,0.5510,0.5510,0.5510,0.5510,0.5510,0.5510,0.5510,0.5510,0.5510,0.5510,0.5510,0.5510,0.5510,0.5510,0.5510,0.5510,0.5510,0.5510,0.5510,0.5510,0.5510,0.5510,0.5510,0.5510,0.5510
